[1 1 1 1 1 1 1 1 1 1 1 1 1 1 1 1 1 1 1 1 1 1 1 1 1 1 1 1 ]
 [1 1 1 1 1 1 1 1 1 1 1 1 1 1 1 1 1 1 1 1 8 ]
  [1 1 1 1 1 1 1 1 1 1 1 1 8 8 ]
   [1 1 1 1 1 1 1 1 1 1 1 1 16 ]
    [1 1 1 1 8 8 8 ]
     [1 1 1 1 16 8 ]
      [6 1 1 1 1 1 1 1 1 1 1 1 1 1 1 1 1 1 1 1 1 1 1 ]
       [6 1 1 1 1 1 1 1 1 1 1 1 1 1 1 8 ]
        [6 1 1 1 1 1 1 8 8 ]
         [6 1 1 1 1 1 1 16 ]
          [6 6 1 1 1 1 1 1 1 1 1 1 1 1 1 1 1 1 ]
           [6 6 1 1 1 1 1 1 1 1 8 ]
            [6 6 6 1 1 1 1 1 1 1 1 1 1 ]
             [6 6 6 1 1 8 ] [6 6 6 6 1 1 1 1 ] [6 6 8 8 ] [6 6 11 1 1 1 1 1 ] [6 6 16 ] [6 11 1 1 1 1 1 1 1 1 1 1 1 ] [6 11 1 1 1 8 ] [6 11 11 ] [8 1 1 1 1 1 1 1 1 1 1 1 1 1 1 1 1 1 1 1 1 ] [8 1 1 1 1 1 1 1 1 1 1 1 1 8 ] [8 1 1 1 1 8 8 ] [8 1 1 1 1 16 ] [8 6 1 1 1 1 1 1 1 1 1 1 1 1 1 1 ] [8 6 1 1 1 1 1 1 8 ] [8 6 6 1 1 1 1 1 1 1 1 ] [8 6 6 6 1 1 ] [8 6 6 8 ] [8 6 11 1 1 1 ] [8 8 1 1 1 1 1 1 1 1 1 1 1 1 ] [8 8 1 1 1 1 8 ] [8 8 6 1 1 1 1 1 1 ] [8 8 6 6 ] [8 8 8 1 1 1 1 ] [8 8 10 1 1 ] [8 8 11 1 ] [8 10 1 1 1 1 1 1 1 1 1 1 ] [8 10 1 1 8 ] [8 10 6 1 1 1 1 ] [8 10 10 ] [8 11 1 1 1 1 1 1 1 1 1 ] [8 11 1 8 ] [10 1 1 1 1 1 1 1 1 1 1 1 1 1 1 1 1 1 1 ] [10 1 1 1 1 1 1 1 1 1 1 8 ] [10 1 1 8 8 ] [10 1 1 16 ] [10 6 1 1 1 1 1 1 1 1 1 1 1 1 ] [10 6 1 1 1 1 8 ] [10 6 6 1 1 1 1 1 1 ] [10 6 6 6 ] [10 6 11 1 ] [10 10 1 1 1 1 1 1 1 1 ] [10 10 6 1 1 ] [10 10 8 ] [10 11 1 1 1 1 1 1 1 ] [11 1 1 1 1 1 1 1 1 1 1 1 1 1 1 1 1 1 ] [11 1 1 1 1 1 1 1 1 1 8 ] [11 1 8 8 ] [11 1 16 ] [11 11 1 1 1 1 1 1 ] 